,,,,,,,,,,,,,,,,,,,,,,,,,,,,,,,
,,,,,,,,,,,,,,,,,,,,,,,,,,,,,,,
col0,col1,col2,col3,col4,col5,col6,col7,col8,col9,col10,col11,col12,col13,col14,col15,col16,col17,col18,col19,col20,col21,col22,col23,col24,col25,col26,col27,col28,col29,col30,col31
rs1052053,G,A,G,A,-0.0624,-0.0209,0.3984,0.370775,False,False,False,ebi-a-GCST002245,1,156202173,0.016,54162,0.1898,Alzheimer's disease (late onset),True,0.0082,1,446696,2.69898e-14,156202173,ebi-a-GCST005838,Stroke || id:ebi-a-GCST005838,True,reported,igd,2,True
rs10776752,T,G,T,G,0.0715,-0.0066,0.1583,0.0765408,False,False,False,ebi-a-GCST002245,1,113044328,0.0319,54162,0.8371,Alzheimer's disease (late onset),True,0.0128,1,446696,2.49799e-08,113044328,ebi-a-GCST005838,Stroke || id:ebi-a-GCST005838,True,reported,igd,2,True
rs11191833,A,G,A,G,-0.0527,0.0269,0.3942,0.312127,False,False,False,ebi-a-GCST002245,10,105619678,0.0162,54162,0.09731,Alzheimer's disease (late onset),True,0.0082,10,446696,1.65798e-10,105619678,ebi-a-GCST005838,Stroke || id:ebi-a-GCST005838,True,reported,igd,2,True
rs11957829,G,A,G,A,-0.0654,-0.0093,0.175,0.198807,False,False,False,ebi-a-GCST002245,5,121515195,0.022,54162,0.6732,Alzheimer's disease (late onset),True,0.0116,5,446696,1.617e-08,121515195,ebi-a-GCST005838,Stroke || id:ebi-a-GCST005838,True,reported,igd,2,True
rs12445022,A,G,A,G,0.0574,0.0303,0.3089,0.317097,False,False,False,ebi-a-GCST002245,16,87575332,0.0167,54162,0.07066,Alzheimer's disease (late onset),True,0.0089,16,446696,1.048e-10,87575332,ebi-a-GCST005838,Stroke || id:ebi-a-GCST005838,True,reported,igd,2,True
rs13109457,A,G,A,G,0.0509,0.0048,0.3038,0.234592,False,False,False,ebi-a-GCST002245,4,155514879,0.0182,54162,0.7931,Alzheimer's disease (late onset),True,0.0088,4,446696,8.74802e-09,155514879,ebi-a-GCST005838,Stroke || id:ebi-a-GCST005838,True,reported,igd,2,True
rs16896398,T,A,T,A,0.0477,-0.0072,0.3383,0.33002,False,True,False,ebi-a-GCST002245,6,43262704,0.017,54162,0.6719,Alzheimer's disease (late onset),True,0.0084,6,446696,1.30101e-08,43262704,ebi-a-GCST005838,Stroke || id:ebi-a-GCST005838,True,reported,igd,2,True
rs2107595,A,G,A,G,0.0727,-0.0038,0.2204,0.167992,False,False,False,ebi-a-GCST002245,7,19049388,0.0211,54162,0.8582,Alzheimer's disease (late onset),True,0.0096,7,446696,4.85512e-14,19049388,ebi-a-GCST005838,Stroke || id:ebi-a-GCST005838,True,reported,igd,2,True
rs2129977,G,A,G,A,-0.073,0.0121,0.6835,0.756461,False,False,False,ebi-a-GCST002245,4,111712432,0.0189,54162,0.5203,Alzheimer's disease (late onset),True,0.0091,4,446696,9.3994e-16,111712432,ebi-a-GCST005838,Stroke || id:ebi-a-GCST005838,True,reported,igd,2,True
rs3184504,C,T,C,T,-0.062,0.0252,0.5458,0.535785,False,False,False,ebi-a-GCST002245,12,111884608,0.0159,54162,0.1134,Alzheimer's disease (late onset),True,0.0091,12,446696,8.62581e-12,111884608,ebi-a-GCST005838,Stroke || id:ebi-a-GCST005838,True,reported,igd,2,True
rs35436,T,C,T,C,-0.0462,-0.0112,0.3834,0.395626,False,False,False,ebi-a-GCST002245,12,115554523,0.0165,54162,0.4949,Alzheimer's disease (late onset),True,0.0083,12,446696,2.86497e-08,115554523,ebi-a-GCST005838,Stroke || id:ebi-a-GCST005838,True,reported,igd,2,True
rs42039,T,C,T,C,-0.0604,-0.039,0.2303,0.271372,False,False,False,ebi-a-GCST002245,7,92244422,0.0187,54162,0.03639,Alzheimer's disease (late onset),True,0.0105,7,446696,7.322e-09,92244422,ebi-a-GCST005838,Stroke || id:ebi-a-GCST005838,True,reported,igd,2,True
rs4959130,A,G,A,G,0.0779,-0.033,0.1381,0.117296,False,False,False,ebi-a-GCST002245,6,1356916,0.0236,54162,0.1625,Alzheimer's disease (late onset),True,0.0129,6,446696,1.424e-09,1356916,ebi-a-GCST005838,Stroke || id:ebi-a-GCST005838,True,reported,igd,2,True
rs7859727,T,C,T,C,0.0494,0.024,0.5299,0.488072,False,False,False,ebi-a-GCST002245,9,22102165,0.0156,54162,0.1244,Alzheimer's disease (late onset),True,0.0079,9,446696,4.22105e-10,22102165,ebi-a-GCST005838,Stroke || id:ebi-a-GCST005838,True,reported,igd,2,True
rs8103309,C,T,C,T,-0.0501,-0.0249,0.345,0.362823,False,False,False,ebi-a-GCST002245,19,11174935,0.0172,54162,0.1487,Alzheimer's disease (late onset),True,0.0091,19,446696,3.39703e-08,11174935,ebi-a-GCST005838,Stroke || id:ebi-a-GCST005838,True,reported,igd,2,True
rs880315,C,T,C,T,0.0527,-0.0083,0.4,0.356859,False,False,False,ebi-a-GCST002245,1,10796866,0.0171,54162,0.6301,Alzheimer's disease (late onset),True,0.0084,1,446696,3.61901e-10,10796866,ebi-a-GCST005838,Stroke || id:ebi-a-GCST005838,True,reported,igd,2,True
rs9316222,C,T,C,T,0.0599,-0.0199,0.7794,0.785288,False,False,False,ebi-a-GCST002245,13,47214690,0.0187,54162,0.2887,Alzheimer's disease (late onset),True,0.0096,13,446696,4.31201e-10,47214690,ebi-a-GCST005838,Stroke || id:ebi-a-GCST005838,True,reported,igd,2,True
