,,,,,EPOCH.SECONDS,,FREE_TEXT,,,,,,,
,,,,,created,,description,,,,,,,
col0,col1,col2,col3,col4,col5,col6,col7,col8,col9,col10,col11,col12,col13,col14
txn_0IV4rIig6peNXzgDK3XAFbaN,2021-03-15 02:21:18,-18759,2021-03-16 0:00:00,,2021-03-15 01:04:36,usd,f39657a1847db73d9a2abb0bad3d31ae,,0,-18759,po_0IV4rIig6peNXzgD51VFKdaB,pending,payout,po_0IV4rIig6peNXzgD51VFKdaB
txn_0IDYgiig6peNXzgDuNvLeoLR,2021-01-31 02:21:08,2040000,2021-02-01 0:00:00,,2021-01-25 17:17:15,usd,d267c9d09a2d1e50f12635bd2b56ed29,,59190,1980810,ch_0IDYghig6peNXzgDhuOFKdTS,pending,charge,po_0IFUKBig6peNXzgDZQM7WPAo
txn_0IG5fvig6peNXzgD8jemrxAp,2021-02-07 02:21:12,117524,2021-02-08 0:00:00,,2021-02-01 16:54:54,usd,0662d6089789e1fabd56c6d55e91ef09,,3438,114086,ch_0IG5fuig6peNXzgDzZkrO949,pending,charge,po_0II1gGig6peNXzgD4BxKEJJJ
txn_0ILGCbig6peNXzgDqjp7xaaX,2021-02-21 02:21:08,7239375,2021-02-22 0:00:00,,2021-02-15 23:09:59,usd,612942eb1230077a0b1d066de5aba0db,,209972,7029403,ch_0ILGCZig6peNXzgDw4eVbq0v,pending,charge,po_0IN6L6ig6peNXzgDu7m6fhRI
txn_0IO6DWig6peNXzgDF8qNjZNX,2021-03-01 02:21:13,255360,2021-03-02 0:00:00,,2021-02-23 19:06:41,usd,b8de27e00022f92981c965125c15c22d,,7435,247925,ch_0IO6DVig6peNXzgDgTOGtdeD,pending,charge,po_0IQ08Sig6peNXzgDC6UG0Oxc
txn_0IROZoig6peNXzgDRsBjph8K,2021-03-10 02:21:13,438750,2021-03-11 0:00:00,,2021-03-04 21:19:18,usd,d3c18c425369d3c6b26126b7f791cf3f,,12754,425996,ch_0IROZmig6peNXzgDwohSYaPj,pending,charge,po_0ITGUHig6peNXzgD78pmjvio
txn_0IT7uhig6peNXzgDolTgmiUJ,2021-03-15 02:21:18,19350,2021-03-16 0:00:00,,2021-03-09 15:56:02,usd,a29cfd524867f29bd7eddcb21fdf6e3b,,591,18759,ch_0IT7ugig6peNXzgDh9iGZed7,pending,charge,po_0IV4rIig6peNXzgD51VFKdaB
txn_0IUBwDig6peNXzgDCYCHC7gd,2021-03-13 14:21:36,3519960,2021-03-19 0:00:00,,2021-03-12 14:26:00,usd,e8be2b872cd9d14ddf3b5cd89860d551,,137308,3382652,ch_0IUBwCig6peNXzgDTOTEw24B,pending,charge,
txn_0IUIaVig6peNXzgDoGvsNC17,2021-03-13 14:21:36,7499999,2021-03-19 0:00:00,,2021-03-12 21:32:01,usd,9b8159d008204266ff7f2df19843d5b4,,217530,7282469,ch_0IUIaTig6peNXzgDhyoZBxWv,pending,charge,
