,,,,,,,,,,
,,,,,,,,,,
col0,col1,col2,col3,col4,col5,col6,col7,col8,col9,col10
Base Stations,,msg,basestation,mobile_phone,Radio Beacon,{name} (T('Base Station')),name,,,False
Help,,project,campaign_response_summary,sos,,{parameter_id} T('Responses'): value,"parameter_id,value",~.parameter_id$name__like=HELP*,Campaign Responses,False
SOS,,project,campaign_response_summary,sos,,{parameter_id} T('Responses'): value,"parameter_id,value",~.parameter_id$name=SOS,Campaign Responses,False
Thanks,,project,campaign_response_summary,thanks,,{parameter_id} T('Responses'): value,"parameter_id,value",~.parameter_id$name=THANKS,Campaign Responses,False
Water,,project,campaign_response_summary,water,,{parameter_id} T('Responses'): value,"parameter_id,value",~.parameter_id$name__like=WATER*,Campaign Responses,False
